 &plot nbnd=  36, nks=   151 /
            0.000000  0.500000  1.000000
  -78.457  -63.776  -61.126  -41.737  -41.737  -41.737  -32.520  -32.519  -32.513  -29.933
  -29.927  -29.926    2.512    2.516    2.537    2.541    2.565    9.789   12.144   12.338
   13.182   13.907   14.291   14.301   14.529   15.216   15.573   15.658   15.942   15.947
   16.201   17.229   17.488   17.903   18.011   18.443
            0.016667  0.500000  0.983333
  -78.457  -63.776  -61.126  -41.737  -41.737  -41.737  -32.520  -32.519  -32.513  -29.933
  -29.927  -29.926    2.512    2.516    2.537    2.541    2.565    9.787   12.142   12.336
   13.187   13.904   14.276   14.318   14.529   15.214   15.564   15.668   15.943   15.949
   16.202   17.230   17.489   17.901   18.016   18.447
            0.033333  0.500000  0.966667
  -78.457  -63.776  -61.126  -41.737  -41.737  -41.737  -32.520  -32.519  -32.513  -29.933
  -29.927  -29.926    2.512    2.516    2.537    2.541    2.565    9.781   12.131   12.330
   13.204   13.892   14.261   14.342   14.529   15.207   15.547   15.690   15.940   15.962
   16.205   17.234   17.494   17.896   18.031   18.457
            0.050000  0.500000  0.950000
  -78.457  -63.776  -61.126  -41.737  -41.737  -41.737  -32.520  -32.519  -32.513  -29.933
  -29.927  -29.926    2.512    2.516    2.538    2.541    2.565    9.770   12.110   12.327
   13.230   13.875   14.248   14.368   14.529   15.195   15.530   15.716   15.934   15.983
   16.209   17.241   17.500   17.890   18.054   18.474
            0.066667  0.500000  0.933333
  -78.457  -63.776  -61.126  -41.737  -41.737  -41.737  -32.520  -32.519  -32.513  -29.933
  -29.927  -29.926    2.512    2.516    2.538    2.541    2.565    9.756   12.075   12.331
   13.261   13.854   14.236   14.394   14.530   15.180   15.515   15.742   15.926   16.011
   16.215   17.250   17.509   17.882   18.086   18.498
            0.083333  0.500000  0.916667
  -78.457  -63.776  -61.126  -41.737  -41.737  -41.737  -32.520  -32.519  -32.513  -29.933
  -29.927  -29.926    2.512    2.516    2.538    2.541    2.565    9.739   12.028   12.345
   13.296   13.830   14.226   14.415   14.536   15.162   15.505   15.766   15.917   16.047
   16.222   17.262   17.518   17.874   18.126   18.531
            0.100000  0.500000  0.900000
  -78.457  -63.776  -61.126  -41.737  -41.737  -41.737  -32.520  -32.519  -32.513  -29.933
  -29.927  -29.926    2.512    2.516    2.537    2.542    2.565    9.719   11.970   12.367
   13.330   13.806   14.217   14.428   14.548   15.144   15.498   15.788   15.906   16.086
   16.231   17.276   17.528   17.865   18.175   18.571
            0.116667  0.500000  0.883333
  -78.457  -63.776  -61.126  -41.737  -41.737  -41.737  -32.520  -32.519  -32.513  -29.933
  -29.927  -29.926    2.513    2.517    2.537    2.542    2.564    9.695   11.906   12.396
   13.363   13.783   14.207   14.430   14.570   15.125   15.494   15.809   15.895   16.129
   16.242   17.291   17.537   17.857   18.234   18.620
            0.133333  0.500000  0.866667
  -78.457  -63.776  -61.126  -41.737  -41.737  -41.737  -32.520  -32.518  -32.513  -29.933
  -29.927  -29.926    2.513    2.517    2.537    2.543    2.564    9.670   11.837   12.429
   13.389   13.764   14.199   14.423   14.598   15.108   15.494   15.826   15.884   16.174
   16.254   17.307   17.545   17.847   18.303   18.677
            0.150000  0.500000  0.850000
  -78.457  -63.776  -61.126  -41.737  -41.737  -41.737  -32.520  -32.518  -32.513  -29.933
  -29.927  -29.926    2.513    2.517    2.536    2.544    2.564    9.643   11.766   12.466
   13.408   13.753   14.190   14.409   14.630   15.093   15.495   15.838   15.877   16.218
   16.268   17.324   17.551   17.838   18.382   18.745
            0.166667  0.500000  0.833333
  -78.457  -63.776  -61.126  -41.737  -41.737  -41.737  -32.520  -32.518  -32.513  -29.933
  -29.927  -29.926    2.513    2.517    2.536    2.544    2.564    9.615   11.693   12.506
   13.416   13.750   14.181   14.391   14.664   15.079   15.499   15.837   15.881   16.262
   16.285   17.342   17.556   17.828   18.473   18.821
            0.183333  0.500000  0.816667
  -78.457  -63.776  -61.125  -41.737  -41.737  -41.737  -32.520  -32.518  -32.514  -29.933
  -29.927  -29.927    2.513    2.518    2.535    2.545    2.563    9.586   11.621   12.548
   13.413   13.757   14.173   14.370   14.698   15.068   15.504   15.826   15.893   16.296
   16.313   17.359   17.560   17.818   18.575   18.907
            0.200000  0.500000  0.800000
  -78.457  -63.776  -61.125  -41.737  -41.737  -41.737  -32.520  -32.518  -32.514  -29.933
  -29.927  -29.927    2.513    2.518    2.534    2.546    2.563    9.556   11.549   12.591
   13.401   13.771   14.164   14.347   14.733   15.059   15.511   15.812   15.905   16.318
   16.353   17.376   17.562   17.807   18.687   19.003
            0.216667  0.500000  0.783333
  -78.457  -63.776  -61.125  -41.737  -41.737  -41.737  -32.520  -32.518  -32.514  -29.933
  -29.927  -29.927    2.513    2.519    2.533    2.547    2.563    9.527   11.479   12.634
   13.382   13.792   14.156   14.322   14.766   15.051   15.518   15.797   15.917   16.341
   16.393   17.392   17.563   17.796   18.809   19.109
            0.233333  0.500000  0.766667
  -78.457  -63.776  -61.125  -41.737  -41.737  -41.737  -32.520  -32.518  -32.514  -29.933
  -29.927  -29.927    2.512    2.519    2.533    2.548    2.563    9.497   11.411   12.678
   13.359   13.817   14.148   14.296   14.798   15.045   15.527   15.783   15.927   16.364
   16.431   17.407   17.564   17.785   18.941   19.224
            0.250000  0.500000  0.750000
  -78.457  -63.776  -61.125  -41.737  -41.737  -41.737  -32.520  -32.518  -32.514  -29.932
  -29.927  -29.927    2.512    2.520    2.532    2.550    2.562    9.468   11.345   12.721
   13.333   13.843   14.140   14.270   14.829   15.040   15.536   15.768   15.935   16.390
   16.467   17.421   17.563   17.774   19.081   19.349
            0.266667  0.500000  0.733333
  -78.457  -63.776  -61.125  -41.737  -41.737  -41.737  -32.520  -32.518  -32.514  -29.932
  -29.927  -29.927    2.512    2.520    2.531    2.551    2.562    9.440   11.282   12.763
   13.306   13.870   14.132   14.245   14.857   15.035   15.546   15.754   15.941   16.417
   16.500   17.434   17.561   17.763   19.230   19.483
            0.283333  0.500000  0.716667
  -78.457  -63.776  -61.125  -41.737  -41.737  -41.737  -32.520  -32.518  -32.514  -29.932
  -29.927  -29.927    2.512    2.521    2.530    2.552    2.562    9.413   11.223   12.804
   13.280   13.896   14.125   14.220   14.884   15.032   15.557   15.741   15.945   16.445
   16.530   17.447   17.559   17.752   19.386   19.626
            0.300000  0.500000  0.700000
  -78.457  -63.776  -61.125  -41.737  -41.737  -41.737  -32.519  -32.518  -32.514  -29.932
  -29.927  -29.927    2.512    2.521    2.529    2.553    2.562    9.387   11.166   12.843
   13.253   13.922   14.118   14.197   14.908   15.029   15.568   15.729   15.948   16.474
   16.558   17.458   17.557   17.742   19.548   19.777
            0.316667  0.500000  0.683333
  -78.457  -63.776  -61.125  -41.737  -41.737  -41.737  -32.519  -32.518  -32.515  -29.932
  -29.927  -29.927    2.511    2.522    2.529    2.554    2.561    9.363   11.114   12.879
   13.228   13.947   14.111   14.175   14.930   15.027   15.579   15.717   15.949   16.503
   16.583   17.469   17.554   17.732   19.716   19.937
            0.333333  0.500000  0.666667
  -78.457  -63.776  -61.125  -41.737  -41.737  -41.737  -32.519  -32.518  -32.515  -29.932
  -29.927  -29.927    2.511    2.522    2.528    2.555    2.561    9.340   11.065   12.913
   13.204   13.971   14.105   14.155   14.950   15.025   15.591   15.707   15.949   16.532
   16.606   17.479   17.552   17.722   19.889   20.105
            0.350000  0.500000  0.650000
  -78.457  -63.776  -61.125  -41.737  -41.737  -41.737  -32.519  -32.517  -32.515  -29.932
  -29.927  -29.927    2.511    2.523    2.527    2.556    2.561    9.319   11.020   12.945
   13.182   13.992   14.099   14.137   14.967   15.023   15.602   15.698   15.948   16.560
   16.625   17.488   17.549   17.714   20.066   20.280
            0.366667  0.500000  0.633333
  -78.457  -63.776  -61.125  -41.737  -41.737  -41.737  -32.519  -32.517  -32.515  -29.932
  -29.927  -29.927    2.511    2.523    2.527    2.557    2.561    9.300   10.980   12.973
   13.161   14.012   14.094   14.122   14.981   15.022   15.613   15.690   15.946   16.586
   16.643   17.497   17.546   17.706   20.247   20.460
            0.383333  0.500000  0.616667
  -78.457  -63.776  -61.125  -41.737  -41.737  -41.737  -32.519  -32.517  -32.515  -29.932
  -29.927  -29.927    2.510    2.523    2.526    2.557    2.561    9.283   10.944   12.998
   13.143   14.028   14.090   14.109   14.993   15.021   15.623   15.684   15.944   16.611
   16.657   17.505   17.543   17.699   20.432   20.643
            0.400000  0.500000  0.600000
  -78.457  -63.776  -61.125  -41.737  -41.737  -41.737  -32.518  -32.517  -32.516  -29.932
  -29.927  -29.927    2.510    2.524    2.526    2.558    2.561    9.268   10.913   13.020
   13.127   14.041   14.084   14.102   15.002   15.020   15.633   15.678   15.941   16.634
   16.669   17.511   17.540   17.693   20.620   20.829
            0.416667  0.500000  0.583333
  -78.457  -63.776  -61.125  -41.737  -41.737  -41.737  -32.518  -32.517  -32.516  -29.932
  -29.928  -29.927    2.510    2.524    2.526    2.559    2.560    9.255   10.886   13.039
   13.113   14.050   14.077   14.100   15.009   15.020   15.642   15.674   15.938   16.654
   16.680   17.517   17.538   17.688   20.811   21.013
            0.433333  0.500000  0.566667
  -78.457  -63.776  -61.125  -41.737  -41.737  -41.737  -32.518  -32.517  -32.516  -29.932
  -29.928  -29.928    2.510    2.524    2.525    2.559    2.560    9.244   10.864   13.054
   13.102   14.055   14.071   14.102   15.014   15.020   15.650   15.671   15.935   16.670
   16.688   17.522   17.536   17.683   21.004   21.192
            0.450000  0.500000  0.550000
  -78.457  -63.776  -61.125  -41.737  -41.737  -41.737  -32.518  -32.517  -32.516  -29.932
  -29.928  -29.928    2.510    2.524    2.525    2.560    2.560    9.236   10.847   13.066
   13.093   14.057   14.065   14.107   15.017   15.020   15.657   15.668   15.932   16.684
   16.694   17.526   17.534   17.680   21.195   21.360
            0.466667  0.500000  0.533333
  -78.457  -63.776  -61.125  -41.737  -41.737  -41.737  -32.518  -32.517  -32.516  -29.932
  -29.928  -29.928    2.509    2.525    2.525    2.560    2.560    9.230   10.835   13.074
   13.086   14.058   14.061   14.111   15.019   15.020   15.662   15.667   15.930   16.694
   16.698   17.529   17.533   17.678   21.381   21.506
            0.483333  0.500000  0.516667
  -78.457  -63.776  -61.125  -41.737  -41.737  -41.737  -32.517  -32.517  -32.517  -29.931
  -29.928  -29.928    2.509    2.525    2.525    2.560    2.560    9.227   10.828   13.079
   13.082   14.058   14.058   14.114   15.020   15.021   15.665   15.666   15.929   16.699
   16.701   17.531   17.532   17.676   21.549   21.612
            0.500000  0.500000  0.500000
  -78.457  -63.776  -61.125  -41.737  -41.737  -41.737  -32.517  -32.517  -32.517  -29.931
  -29.928  -29.928    2.509    2.525    2.525    2.560    2.560    9.225   10.825   13.081
   13.081   14.058   14.058   14.115   15.021   15.021   15.666   15.666   15.928   16.701
   16.701   17.532   17.532   17.676   21.652   21.652
            0.483333  0.483333  0.483333
  -78.457  -63.776  -61.125  -41.737  -41.737  -41.737  -32.517  -32.517  -32.517  -29.931
  -29.928  -29.928    2.509    2.525    2.525    2.560    2.560    9.205   10.849   13.081
   13.081   14.058   14.058   14.113   15.017   15.017   15.668   15.668   15.930   16.702
   16.702   17.533   17.533   17.685   21.653   21.653
            0.466667  0.466667  0.466667
  -78.457  -63.776  -61.125  -41.737  -41.737  -41.737  -32.517  -32.517  -32.517  -29.931
  -29.928  -29.928    2.509    2.525    2.525    2.560    2.560    9.145   10.915   13.081
   13.081   14.059   14.059   14.109   15.005   15.005   15.676   15.676   15.936   16.702
   16.702   17.537   17.537   17.711   21.656   21.656
            0.450000  0.450000  0.450000
  -78.457  -63.776  -61.125  -41.737  -41.737  -41.737  -32.517  -32.517  -32.517  -29.931
  -29.928  -29.928    2.510    2.525    2.525    2.560    2.560    9.056   11.016   13.080
   13.080   14.060   14.060   14.102   14.986   14.986   15.689   15.689   15.945   16.704
   16.704   17.544   17.544   17.754   21.661   21.661
            0.433333  0.433333  0.433333
  -78.457  -63.776  -61.125  -41.737  -41.737  -41.737  -32.517  -32.517  -32.517  -29.931
  -29.928  -29.928    2.510    2.524    2.524    2.559    2.559    8.946   11.143   13.080
   13.080   14.061   14.061   14.094   14.961   14.961   15.705   15.705   15.957   16.706
   16.706   17.553   17.553   17.815   21.667   21.667
            0.416667  0.416667  0.416667
  -78.457  -63.776  -61.125  -41.737  -41.737  -41.737  -32.517  -32.517  -32.517  -29.931
  -29.928  -29.928    2.510    2.524    2.524    2.559    2.559    8.823   11.287   13.080
   13.080   14.064   14.064   14.084   14.930   14.930   15.724   15.724   15.973   16.709
   16.709   17.564   17.564   17.891   21.676   21.676
            0.400000  0.400000  0.400000
  -78.457  -63.776  -61.125  -41.737  -41.737  -41.737  -32.517  -32.517  -32.517  -29.931
  -29.928  -29.928    2.510    2.524    2.524    2.558    2.558    8.692   11.443   13.080
   13.080   14.066   14.066   14.073   14.894   14.894   15.745   15.745   15.991   16.714
   16.714   17.577   17.577   17.984   21.687   21.687
            0.383333  0.383333  0.383333
  -78.457  -63.776  -61.125  -41.737  -41.737  -41.737  -32.517  -32.517  -32.517  -29.931
  -29.928  -29.928    2.510    2.524    2.524    2.558    2.558    8.557   11.605   13.080
   13.080   14.063   14.069   14.069   14.854   14.854   15.766   15.766   16.013   16.721
   16.721   17.592   17.592   18.092   21.701   21.701
            0.366667  0.366667  0.366667
  -78.457  -63.776  -61.125  -41.737  -41.737  -41.737  -32.517  -32.517  -32.517  -29.931
  -29.928  -29.928    2.511    2.524    2.524    2.557    2.557    8.420   11.772   13.080
   13.080   14.054   14.073   14.073   14.811   14.811   15.788   15.788   16.037   16.730
   16.730   17.608   17.608   18.214   21.717   21.717
            0.350000  0.350000  0.350000
  -78.457  -63.776  -61.125  -41.737  -41.737  -41.737  -32.517  -32.517  -32.517  -29.931
  -29.928  -29.928    2.511    2.523    2.523    2.556    2.556    8.285   11.939   13.081
   13.081   14.046   14.077   14.077   14.766   14.766   15.809   15.809   16.064   16.741
   16.741   17.626   17.626   18.350   21.735   21.735
            0.333333  0.333333  0.333333
  -78.457  -63.776  -61.125  -41.737  -41.737  -41.737  -32.517  -32.517  -32.517  -29.931
  -29.928  -29.928    2.511    2.523    2.523    2.555    2.555    8.152   12.105   13.083
   13.083   14.041   14.081   14.081   14.718   14.718   15.830   15.830   16.095   16.755
   16.755   17.644   17.644   18.498   21.756   21.756
            0.316667  0.316667  0.316667
  -78.457  -63.776  -61.125  -41.737  -41.737  -41.737  -32.517  -32.517  -32.516  -29.931
  -29.928  -29.928    2.512    2.523    2.523    2.554    2.554    8.021   12.268   13.085
   13.085   14.039   14.084   14.084   14.668   14.668   15.848   15.848   16.129   16.772
   16.772   17.663   17.663   18.658   21.759   21.779
            0.300000  0.300000  0.300000
  -78.457  -63.776  -61.125  -41.737  -41.737  -41.737  -32.517  -32.517  -32.516  -29.931
  -29.928  -29.928    2.512    2.522    2.522    2.553    2.553    7.895   12.426   13.088
   13.088   14.041   14.088   14.088   14.618   14.618   15.866   15.866   16.167   16.791
   16.791   17.682   17.682   18.828   21.762   21.806
            0.283333  0.283333  0.283333
  -78.457  -63.776  -61.125  -41.737  -41.737  -41.737  -32.517  -32.517  -32.516  -29.930
  -29.928  -29.928    2.512    2.522    2.522    2.552    2.552    7.774   12.577   13.093
   13.093   14.046   14.091   14.091   14.567   14.567   15.881   15.881   16.210   16.812
   16.812   17.702   17.702   19.007   21.766   21.835
            0.266667  0.266667  0.266667
  -78.457  -63.776  -61.125  -41.737  -41.737  -41.737  -32.517  -32.517  -32.516  -29.930
  -29.928  -29.928    2.513    2.522    2.522    2.551    2.551    7.657   12.720   13.098
   13.098   14.055   14.092   14.092   14.518   14.518   15.895   15.895   16.257   16.836
   16.836   17.721   17.721   19.194   21.771   21.867
            0.250000  0.250000  0.250000
  -78.457  -63.776  -61.125  -41.737  -41.737  -41.737  -32.517  -32.517  -32.516  -29.930
  -29.928  -29.928    2.513    2.521    2.521    2.550    2.550    7.546   12.853   13.105
   13.105   14.069   14.091   14.091   14.470   14.470   15.906   15.906   16.309   16.861
   16.861   17.741   17.741   19.389   21.780   21.902
            0.233333  0.233333  0.233333
  -78.457  -63.776  -61.125  -41.737  -41.737  -41.737  -32.516  -32.516  -32.516  -29.930
  -29.928  -29.928    2.514    2.521    2.521    2.549    2.549    7.441   12.975   13.113
   13.113   14.086   14.086   14.086   14.425   14.425   15.917   15.917   16.366   16.887
   16.887   17.760   17.760   19.588   21.792   21.939
            0.216667  0.216667  0.216667
  -78.457  -63.776  -61.125  -41.737  -41.737  -41.737  -32.516  -32.516  -32.516  -29.930
  -29.928  -29.928    2.514    2.520    2.520    2.549    2.549    7.343   13.086   13.123
   13.123   14.077   14.077   14.106   14.386   14.386   15.925   15.925   16.428   16.913
   16.913   17.779   17.779   19.792   21.808   21.980
            0.200000  0.200000  0.200000
  -78.457  -63.776  -61.125  -41.737  -41.737  -41.737  -32.516  -32.516  -32.516  -29.930
  -29.928  -29.928    2.514    2.520    2.520    2.548    2.548    7.250   13.135   13.135
   13.185   14.061   14.061   14.129   14.353   14.353   15.933   15.933   16.495   16.940
   16.940   17.798   17.798   19.997   21.830   22.023
            0.183333  0.183333  0.183333
  -78.457  -63.776  -61.125  -41.737  -41.737  -41.737  -32.516  -32.516  -32.516  -29.930
  -29.928  -29.928    2.515    2.520    2.520    2.547    2.547    7.165   13.148   13.148
   13.273   14.037   14.037   14.153   14.328   14.328   15.939   15.939   16.565   16.966
   16.966   17.815   17.815   20.202   21.860   22.068
            0.166667  0.166667  0.166667
  -78.457  -63.776  -61.125  -41.737  -41.737  -41.737  -32.516  -32.516  -32.516  -29.929
  -29.928  -29.928    2.515    2.519    2.519    2.546    2.546    7.086   13.163   13.163
   13.350   14.006   14.006   14.177   14.311   14.311   15.944   15.944   16.638   16.992
   16.992   17.832   17.832   20.403   21.898   22.116
            0.150000  0.150000  0.150000
  -78.457  -63.776  -61.125  -41.737  -41.737  -41.737  -32.516  -32.516  -32.516  -29.929
  -29.929  -29.929    2.515    2.519    2.519    2.545    2.545    7.014   13.179   13.179
   13.418   13.969   13.969   14.201   14.301   14.301   15.949   15.949   16.712   17.016
   17.016   17.849   17.849   20.597   21.948   22.166
            0.133333  0.133333  0.133333
  -78.457  -63.776  -61.125  -41.737  -41.737  -41.737  -32.516  -32.516  -32.516  -29.929
  -29.929  -29.929    2.516    2.518    2.518    2.545    2.545    6.950   13.197   13.197
   13.476   13.929   13.929   14.223   14.295   14.295   15.953   15.953   16.785   17.039
   17.039   17.863   17.863   20.781   22.009   22.217
            0.116667  0.116667  0.116667
  -78.457  -63.776  -61.125  -41.737  -41.737  -41.737  -32.516  -32.516  -32.516  -29.929
  -29.929  -29.929    2.516    2.518    2.518    2.544    2.544    6.893   13.217   13.217
   13.526   13.887   13.887   14.242   14.293   14.293   15.956   15.956   16.856   17.060
   17.060   17.877   17.877   20.949   22.083   22.268
            0.100000  0.100000  0.100000
  -78.457  -63.776  -61.125  -41.737  -41.737  -41.737  -32.516  -32.516  -32.516  -29.929
  -29.929  -29.929    2.516    2.518    2.518    2.543    2.543    6.843   13.237   13.237
   13.569   13.845   13.845   14.258   14.293   14.293   15.958   15.958   16.922   17.078
   17.078   17.889   17.889   21.099   22.168   22.320
            0.083333  0.083333  0.083333
  -78.457  -63.776  -61.125  -41.737  -41.737  -41.737  -32.516  -32.516  -32.516  -29.929
  -29.929  -29.929    2.516    2.517    2.517    2.543    2.543    6.801   13.258   13.258
   13.605   13.805   13.805   14.271   14.293   14.293   15.960   15.960   16.982   17.094
   17.094   17.900   17.900   21.229   22.259   22.369
            0.066667  0.066667  0.066667
  -78.457  -63.776  -61.125  -41.737  -41.737  -41.737  -32.516  -32.516  -32.516  -29.929
  -29.929  -29.929    2.516    2.517    2.517    2.543    2.543    6.766   13.279   13.279
   13.635   13.768   13.768   14.282   14.294   14.294   15.962   15.962   17.034   17.107
   17.107   17.909   17.909   21.337   22.346   22.415
            0.050000  0.050000  0.050000
  -78.457  -63.776  -61.125  -41.737  -41.737  -41.737  -32.516  -32.516  -32.516  -29.929
  -29.929  -29.929    2.516    2.517    2.517    2.542    2.542    6.739   13.298   13.298
   13.658   13.736   13.736   14.289   14.296   14.296   15.963   15.963   17.076   17.118
   17.118   17.916   17.916   21.422   22.421   22.455
            0.033333  0.033333  0.033333
  -78.457  -63.776  -61.125  -41.737  -41.737  -41.737  -32.516  -32.516  -32.516  -29.929
  -29.929  -29.929    2.516    2.517    2.517    2.542    2.542    6.720   13.313   13.313
   13.675   13.710   13.710   14.294   14.297   14.297   15.964   15.964   17.106   17.125
   17.125   17.921   17.921   21.485   22.474   22.487
            0.016667  0.016667  0.016667
  -78.457  -63.776  -61.125  -41.737  -41.737  -41.737  -32.516  -32.516  -32.516  -29.929
  -29.929  -29.929    2.517    2.517    2.517    2.542    2.542    6.708   13.324   13.324
   13.685   13.694   13.694   14.297   14.297   14.297   15.964   15.964   17.125   17.130
   17.130   17.924   17.924   21.524   22.504   22.507
            0.000000  0.000000  0.000000
  -78.457  -63.776  -61.125  -41.737  -41.737  -41.737  -32.516  -32.516  -32.516  -29.929
  -29.929  -29.929    2.517    2.517    2.517    2.542    2.542    6.705   13.328   13.328
   13.688   13.688   13.688   14.298   14.298   14.298   15.965   15.965   17.132   17.132
   17.132   17.925   17.925   21.537   22.514   22.514
            0.033333  0.000000  0.000000
  -78.457  -63.776  -61.125  -41.737  -41.737  -41.737  -32.516  -32.516  -32.516  -29.929
  -29.929  -29.929    2.516    2.517    2.517    2.542    2.542    6.710   13.316   13.330
   13.690   13.690   13.695   14.294   14.298   14.298   15.963   15.965   17.127   17.127
   17.129   17.923   17.925   21.520   22.487   22.487
            0.066667  0.000000  0.000000
  -78.457  -63.776  -61.125  -41.737  -41.737  -41.737  -32.516  -32.516  -32.516  -29.929
  -29.929  -29.929    2.516    2.517    2.517    2.542    2.542    6.725   13.282   13.336
   13.695   13.695   13.715   14.284   14.301   14.301   15.959   15.968   17.113   17.113
   17.119   17.917   17.923   21.473   22.409   22.409
            0.100000  0.000000  0.000000
  -78.457  -63.776  -61.125  -41.737  -41.737  -41.737  -32.516  -32.516  -32.516  -29.929
  -29.929  -29.929    2.516    2.517    2.517    2.542    2.543    6.751   13.231   13.345
   13.704   13.704   13.742   14.268   14.304   14.304   15.952   15.972   17.090   17.090
   17.105   17.906   17.920   21.404   22.287   22.287
            0.133333  0.000000  0.000000
  -78.457  -63.776  -61.125  -41.737  -41.737  -41.737  -32.516  -32.516  -32.516  -29.929
  -29.929  -29.929    2.515    2.518    2.518    2.542    2.543    6.787   13.168   13.359
   13.717   13.717   13.773   14.246   14.310   14.310   15.942   15.978   17.058   17.058
   17.085   17.890   17.916   21.323   22.131   22.131
            0.166667  0.000000  0.000000
  -78.457  -63.776  -61.125  -41.737  -41.737  -41.737  -32.516  -32.516  -32.516  -29.929
  -29.929  -29.929    2.515    2.518    2.518    2.543    2.544    6.833   13.095   13.376
   13.733   13.733   13.806   14.218   14.317   14.317   15.930   15.984   17.019   17.019
   17.062   17.871   17.910   21.233   21.950   21.950
            0.200000  0.000000  0.000000
  -78.457  -63.776  -61.125  -41.737  -41.737  -41.737  -32.516  -32.516  -32.516  -29.929
  -29.928  -29.928    2.514    2.519    2.519    2.543    2.545    6.889   13.015   13.397
   13.752   13.752   13.839   14.184   14.326   14.326   15.915   15.991   16.973   16.973
   17.035   17.846   17.904   21.135   21.752   21.752
            0.233333  0.000000  0.000000
  -78.457  -63.776  -61.125  -41.737  -41.737  -41.737  -32.516  -32.516  -32.516  -29.930
  -29.928  -29.928    2.513    2.520    2.520    2.543    2.545    6.955   12.928   13.421
   13.774   13.774   13.872   14.146   14.337   14.337   15.897   15.998   16.922   16.922
   17.006   17.817   17.896   21.030   21.542   21.542
            0.266667  0.000000  0.000000
  -78.457  -63.776  -61.125  -41.737  -41.737  -41.737  -32.516  -32.516  -32.516  -29.930
  -29.928  -29.928    2.512    2.521    2.521    2.543    2.546    7.031   12.837   13.449
   13.799   13.799   13.904   14.104   14.350   14.350   15.876   16.005   16.865   16.865
   16.976   17.783   17.888   20.914   21.325   21.325
            0.300000  0.000000  0.000000
  -78.457  -63.776  -61.125  -41.737  -41.737  -41.737  -32.516  -32.516  -32.516  -29.930
  -29.928  -29.928    2.511    2.522    2.522    2.543    2.548    7.116   12.742   13.481
   13.826   13.826   13.932   14.060   14.366   14.366   15.852   16.011   16.805   16.805
   16.946   17.744   17.879   20.786   21.103   21.103
            0.333333  0.000000  0.000000
  -78.457  -63.776  -61.125  -41.737  -41.737  -41.737  -32.517  -32.517  -32.516  -29.930
  -29.928  -29.928    2.510    2.523    2.523    2.543    2.549    7.210   12.645   13.516
   13.855   13.855   13.951   14.020   14.384   14.384   15.825   16.017   16.742   16.742
   16.916   17.700   17.869   20.643   20.879   20.879
            0.366667  0.000000  0.000000
  -78.457  -63.776  -61.125  -41.737  -41.737  -41.737  -32.517  -32.517  -32.515  -29.931
  -29.928  -29.928    2.508    2.524    2.524    2.543    2.550    7.314   12.546   13.555
   13.885   13.885   13.930   14.015   14.406   14.406   15.795   16.021   16.677   16.677
   16.887   17.651   17.859   20.483   20.655   20.655
            0.400000  0.000000  0.000000
  -78.457  -63.776  -61.125  -41.737  -41.737  -41.737  -32.517  -32.517  -32.515  -29.931
  -29.928  -29.928    2.507    2.525    2.525    2.543    2.551    7.426   12.448   13.597
   13.880   13.915   13.915   14.034   14.431   14.431   15.763   16.025   16.612   16.612
   16.860   17.596   17.848   20.306   20.432   20.432
            0.433333  0.000000  0.000000
  -78.457  -63.776  -61.125  -41.737  -41.737  -41.737  -32.517  -32.517  -32.515  -29.931
  -29.928  -29.928    2.506    2.526    2.526    2.543    2.553    7.546   12.350   13.642
   13.823   13.946   13.946   14.055   14.461   14.461   15.727   16.027   16.546   16.546
   16.834   17.534   17.837   20.116   20.211   20.211
            0.466667  0.000000  0.000000
  -78.457  -63.776  -61.125  -41.737  -41.737  -41.737  -32.517  -32.517  -32.515  -29.931
  -29.928  -29.928    2.504    2.527    2.527    2.542    2.554    7.673   12.254   13.689
   13.762   13.976   13.976   14.073   14.495   14.495   15.689   16.028   16.481   16.481
   16.810   17.466   17.825   19.917   19.994   19.994
            0.500000  0.000000  0.000000
  -78.457  -63.776  -61.125  -41.737  -41.737  -41.737  -32.517  -32.517  -32.515  -29.932
  -29.927  -29.927    2.503    2.528    2.528    2.542    2.556    7.808   12.161   13.700
   13.740   14.005   14.005   14.087   14.533   14.533   15.648   16.029   16.418   16.418
   16.787   17.391   17.814   19.715   19.781   19.781
            0.533333  0.000000  0.000000
  -78.457  -63.776  -61.125  -41.737  -41.737  -41.737  -32.518  -32.518  -32.515  -29.932
  -29.927  -29.927    2.501    2.530    2.530    2.541    2.557    7.949   12.072   13.638
   13.794   14.033   14.033   14.096   14.576   14.576   15.604   16.028   16.357   16.357
   16.763   17.309   17.802   19.518   19.572   19.572
            0.566667  0.000000  0.000000
  -78.457  -63.776  -61.125  -41.737  -41.737  -41.737  -32.518  -32.518  -32.515  -29.932
  -29.927  -29.927    2.500    2.531    2.531    2.540    2.559    8.096   11.986   13.576
   13.850   14.059   14.059   14.097   14.624   14.624   15.557   16.026   16.298   16.298
   16.738   17.223   17.791   19.332   19.369   19.369
            0.600000  0.000000  0.000000
  -78.457  -63.776  -61.125  -41.737  -41.737  -41.737  -32.518  -32.518  -32.515  -29.933
  -29.927  -29.927    2.498    2.532    2.532    2.539    2.560    8.247   11.906   13.515
   13.908   14.082   14.082   14.089   14.675   14.675   15.508   16.023   16.243   16.243
   16.708   17.136   17.780   19.160   19.172   19.172
            0.633333  0.000000  0.000000
  -78.457  -63.776  -61.125  -41.737  -41.737  -41.737  -32.518  -32.518  -32.515  -29.933
  -29.927  -29.927    2.497    2.533    2.533    2.538    2.561    8.401   11.831   13.456
   13.969   14.071   14.104   14.104   14.730   14.730   15.456   16.020   16.192   16.192
   16.667   17.056   17.770   18.983   18.983   19.008
            0.666667  0.000000  0.000000
  -78.457  -63.776  -61.125  -41.737  -41.737  -41.737  -32.518  -32.518  -32.515  -29.933
  -29.927  -29.927    2.495    2.534    2.534    2.537    2.563    8.558   11.763   13.400
   14.031   14.042   14.123   14.123   14.787   14.787   15.402   16.015   16.146   16.146
   16.612   16.990   17.760   18.801   18.801   18.874
            0.700000  0.000000  0.000000
  -78.457  -63.776  -61.125  -41.737  -41.737  -41.737  -32.518  -32.518  -32.515  -29.933
  -29.927  -29.927    2.494    2.535    2.535    2.536    2.564    8.714   11.701   13.347
   14.000   14.096   14.141   14.141   14.846   14.846   15.345   16.009   16.104   16.104
   16.542   16.942   17.751   18.628   18.628   18.761
            0.733333  0.000000  0.000000
  -78.457  -63.776  -61.125  -41.737  -41.737  -41.737  -32.518  -32.518  -32.515  -29.933
  -29.926  -29.926    2.493    2.534    2.536    2.536    2.565    8.867   11.646   13.298
   13.947   14.156   14.156   14.161   14.905   14.905   15.286   16.002   16.068   16.068
   16.462   16.912   17.742   18.465   18.465   18.666
            0.766667  0.000000  0.000000
  -78.457  -63.776  -61.125  -41.737  -41.737  -41.737  -32.518  -32.518  -32.515  -29.934
  -29.926  -29.926    2.492    2.533    2.537    2.537    2.566    9.016   11.599   13.253
   13.881   14.169   14.169   14.228   14.962   14.962   15.226   15.993   16.039   16.039
   16.383   16.894   17.734   18.314   18.314   18.587
            0.800000  0.000000  0.000000
  -78.457  -63.776  -61.125  -41.737  -41.737  -41.737  -32.519  -32.519  -32.515  -29.934
  -29.926  -29.926    2.491    2.532    2.538    2.538    2.567    9.157   11.559   13.214
   13.807   14.181   14.181   14.296   15.016   15.016   15.164   15.983   16.015   16.015
   16.311   16.883   17.727   18.175   18.175   18.524
            0.833333  0.000000  0.000000
  -78.457  -63.776  -61.125  -41.737  -41.737  -41.737  -32.519  -32.519  -32.515  -29.934
  -29.926  -29.926    2.490    2.531    2.538    2.538    2.567    9.287   11.528   13.179
   13.729   14.191   14.191   14.364   15.064   15.064   15.100   15.972   15.998   15.998
   16.250   16.877   17.722   18.052   18.052   18.473
            0.866667  0.000000  0.000000
  -78.457  -63.776  -61.126  -41.737  -41.737  -41.737  -32.519  -32.519  -32.515  -29.934
  -29.926  -29.926    2.489    2.530    2.539    2.539    2.568    9.401   11.504   13.151
   13.651   14.199   14.199   14.432   15.036   15.107   15.107   15.959   15.987   15.987
   16.204   16.874   17.717   17.946   17.946   18.433
            0.900000  0.000000  0.000000
  -78.457  -63.776  -61.126  -41.737  -41.737  -41.737  -32.519  -32.519  -32.515  -29.934
  -29.926  -29.926    2.489    2.530    2.539    2.539    2.569    9.495   11.487   13.128
   13.580   14.205   14.205   14.498   14.973   15.141   15.141   15.947   15.980   15.980
   16.170   16.872   17.713   17.859   17.859   18.404
            0.933333  0.000000  0.000000
  -78.457  -63.776  -61.126  -41.737  -41.737  -41.737  -32.519  -32.519  -32.515  -29.934
  -29.926  -29.926    2.488    2.529    2.539    2.539    2.569    9.566   11.476   13.112
   13.523   14.210   14.210   14.560   14.913   15.166   15.166   15.937   15.977   15.977
   16.148   16.871   17.710   17.795   17.795   18.383
            0.966667  0.000000  0.000000
  -78.457  -63.776  -61.126  -41.737  -41.737  -41.737  -32.519  -32.519  -32.515  -29.934
  -29.926  -29.926    2.488    2.529    2.540    2.540    2.569    9.610   11.470   13.102
   13.486   14.213   14.213   14.612   14.863   15.181   15.181   15.930   15.976   15.976
   16.136   16.871   17.708   17.755   17.755   18.371
            1.000000  0.000000  0.000000
  -78.457  -63.776  -61.126  -41.737  -41.737  -41.737  -32.519  -32.519  -32.515  -29.934
  -29.926  -29.926    2.488    2.529    2.540    2.540    2.569    9.625   11.468   13.099
   13.473   14.214   14.214   14.634   14.841   15.186   15.186   15.928   15.976   15.976
   16.132   16.871   17.708   17.742   17.742   18.367
            1.000000  0.016667  0.000000
  -78.457  -63.776  -61.126  -41.737  -41.737  -41.737  -32.519  -32.519  -32.515  -29.934
  -29.926  -29.926    2.488    2.529    2.540    2.540    2.569    9.626   11.469   13.097
   13.473   14.213   14.214   14.635   14.832   15.186   15.194   15.926   15.974   15.978
   16.132   16.872   17.704   17.743   17.747   18.367
            1.000000  0.033333  0.000000
  -78.457  -63.776  -61.126  -41.737  -41.737  -41.737  -32.519  -32.519  -32.514  -29.934
  -29.926  -29.926    2.488    2.529    2.539    2.540    2.569    9.627   11.472   13.094
   13.472   14.212   14.214   14.638   14.807   15.186   15.215   15.921   15.967   15.984
   16.133   16.875   17.695   17.744   17.758   18.367
            1.000000  0.050000  0.000000
  -78.457  -63.776  -61.126  -41.737  -41.737  -41.737  -32.519  -32.519  -32.514  -29.934
  -29.926  -29.926    2.488    2.529    2.539    2.540    2.569    9.629   11.477   13.087
   13.470   14.211   14.214   14.642   14.770   15.186   15.245   15.914   15.956   15.991
   16.135   16.879   17.685   17.746   17.772   18.368
            1.000000  0.066667  0.000000
  -78.457  -63.776  -61.126  -41.737  -41.737  -41.737  -32.519  -32.519  -32.514  -29.934
  -29.926  -29.926    2.489    2.529    2.539    2.540    2.569    9.632   11.484   13.079
   13.467   14.210   14.213   14.647   14.727   15.186   15.279   15.907   15.942   15.999
   16.137   16.886   17.675   17.749   17.787   18.369
            1.000000  0.083333  0.000000
  -78.457  -63.776  -61.126  -41.737  -41.737  -41.737  -32.519  -32.519  -32.514  -29.934
  -29.926  -29.926    2.489    2.529    2.539    2.540    2.569    9.635   11.493   13.068
   13.463   14.208   14.213   14.654   14.679   15.185   15.315   15.899   15.924   16.007
   16.139   16.894   17.665   17.753   17.803   18.369
            1.000000  0.100000  0.000000
  -78.457  -63.776  -61.126  -41.737  -41.737  -41.737  -32.519  -32.519  -32.514  -29.934
  -29.926  -29.926    2.489    2.530    2.538    2.540    2.569    9.640   11.504   13.054
   13.459   14.206   14.213   14.629   14.661   15.184   15.350   15.892   15.905   16.014
   16.141   16.904   17.656   17.758   17.819   18.371
            1.000000  0.116667  0.000000
  -78.457  -63.776  -61.126  -41.737  -41.737  -41.737  -32.519  -32.519  -32.514  -29.934
  -29.926  -29.926    2.490    2.530    2.538    2.540    2.569    9.645   11.516   13.038
   13.453   14.204   14.212   14.579   14.669   15.182   15.385   15.883   15.885   16.022
   16.143   16.916   17.647   17.763   17.836   18.372
            1.000000  0.133333  0.000000
  -78.457  -63.776  -61.126  -41.737  -41.737  -41.737  -32.519  -32.519  -32.514  -29.934
  -29.926  -29.926    2.490    2.530    2.537    2.540    2.569    9.650   11.531   13.020
   13.447   14.202   14.210   14.530   14.678   15.180   15.418   15.860   15.878   16.028
   16.145   16.929   17.637   17.769   17.853   18.374
            1.000000  0.150000  0.000000
  -78.457  -63.776  -61.126  -41.737  -41.737  -41.737  -32.519  -32.519  -32.514  -29.934
  -29.926  -29.926    2.491    2.531    2.537    2.540    2.569    9.657   11.547   13.000
   13.439   14.200   14.208   14.482   14.687   15.178   15.449   15.837   15.872   16.034
   16.147   16.944   17.628   17.776   17.869   18.376
            1.000000  0.166667  0.000000
  -78.457  -63.776  -61.126  -41.737  -41.737  -41.737  -32.519  -32.519  -32.514  -29.934
  -29.926  -29.926    2.492    2.531    2.536    2.540    2.569    9.663   11.566   12.978
   13.431   14.199   14.203   14.437   14.695   15.174   15.478   15.813   15.867   16.038
   16.150   16.960   17.619   17.783   17.885   18.378
            1.000000  0.183333  0.000000
  -78.457  -63.776  -61.126  -41.737  -41.737  -41.737  -32.519  -32.519  -32.514  -29.934
  -29.926  -29.926    2.492    2.532    2.536    2.540    2.568    9.671   11.586   12.953
   13.421   14.196   14.198   14.397   14.702   15.171   15.505   15.790   15.862   16.042
   16.152   16.978   17.610   17.790   17.900   18.381
            1.000000  0.200000  0.000000
  -78.457  -63.776  -61.126  -41.737  -41.737  -41.737  -32.519  -32.519  -32.514  -29.934
  -29.926  -29.926    2.493    2.532    2.535    2.540    2.568    9.678   11.608   12.927
   13.410   14.185   14.198   14.362   14.709   15.167   15.528   15.768   15.859   16.044
   16.154   16.996   17.601   17.798   17.915   18.384
            1.000000  0.216667  0.000000
  -78.457  -63.776  -61.126  -41.737  -41.737  -41.737  -32.520  -32.519  -32.514  -29.934
  -29.926  -29.926    2.494    2.532    2.534    2.540    2.568    9.686   11.631   12.900
   13.398   14.170   14.198   14.335   14.714   15.163   15.550   15.747   15.856   16.045
   16.156   17.015   17.592   17.807   17.928   18.387
            1.000000  0.233333  0.000000
  -78.457  -63.776  -61.126  -41.737  -41.737  -41.737  -32.520  -32.519  -32.514  -29.934
  -29.926  -29.926    2.495    2.533    2.533    2.540    2.568    9.695   11.656   12.870
   13.385   14.149   14.200   14.316   14.716   15.159   15.569   15.727   15.854   16.045
   16.159   17.034   17.582   17.815   17.940   18.391
            1.000000  0.250000  0.000000
  -78.457  -63.776  -61.126  -41.737  -41.737  -41.737  -32.520  -32.519  -32.514  -29.934
  -29.926  -29.926    2.496    2.532    2.533    2.540    2.568    9.703   11.683   12.839
   13.370   14.124   14.202   14.303   14.716   15.156   15.586   15.709   15.854   16.043
   16.162   17.054   17.573   17.823   17.951   18.395
            1.000000  0.266667  0.000000
  -78.457  -63.776  -61.126  -41.737  -41.737  -41.737  -32.520  -32.519  -32.514  -29.934
  -29.926  -29.926    2.497    2.531    2.534    2.540    2.567    9.712   11.711   12.807
   13.355   14.098   14.205   14.295   14.713   15.154   15.600   15.692   15.855   16.041
   16.165   17.073   17.564   17.832   17.961   18.400
            1.000000  0.283333  0.000000
  -78.457  -63.776  -61.126  -41.737  -41.737  -41.737  -32.520  -32.519  -32.514  -29.934
  -29.927  -29.926    2.498    2.530    2.534    2.540    2.567    9.720   11.740   12.773
   13.338   14.071   14.209   14.291   14.707   15.154   15.612   15.676   15.856   16.038
   16.168   17.092   17.556   17.840   17.970   18.404
            1.000000  0.300000  0.000000
  -78.457  -63.776  -61.126  -41.737  -41.737  -41.737  -32.520  -32.519  -32.513  -29.934
  -29.927  -29.926    2.499    2.529    2.535    2.540    2.567    9.729   11.771   12.738
   13.321   14.046   14.214   14.288   14.698   15.155   15.622   15.662   15.859   16.034
   16.171   17.111   17.547   17.848   17.978   18.409
            1.000000  0.316667  0.000000
  -78.457  -63.776  -61.126  -41.737  -41.737  -41.737  -32.520  -32.519  -32.513  -29.934
  -29.927  -29.926    2.500    2.528    2.535    2.540    2.567    9.737   11.804   12.702
   13.304   14.022   14.220   14.287   14.686   15.158   15.631   15.649   15.863   16.029
   16.175   17.128   17.539   17.856   17.985   18.413
            1.000000  0.333333  0.000000
  -78.457  -63.776  -61.126  -41.737  -41.737  -41.737  -32.520  -32.519  -32.513  -29.934
  -29.927  -29.926    2.501    2.527    2.536    2.540    2.567    9.745   11.837   12.665
   13.287   14.001   14.226   14.286   14.672   15.162   15.637   15.638   15.868   16.023
   16.178   17.145   17.531   17.863   17.990   18.418
            1.000000  0.350000  0.000000
  -78.457  -63.776  -61.126  -41.737  -41.737  -41.737  -32.520  -32.519  -32.513  -29.934
  -29.927  -29.926    2.502    2.526    2.536    2.540    2.566    9.752   11.871   12.627
   13.270   13.982   14.234   14.286   14.655   15.168   15.626   15.643   15.874   16.016
   16.182   17.160   17.524   17.870   17.995   18.422
            1.000000  0.366667  0.000000
  -78.457  -63.776  -61.126  -41.737  -41.737  -41.737  -32.520  -32.519  -32.513  -29.934
  -29.927  -29.926    2.503    2.525    2.536    2.540    2.566    9.760   11.906   12.589
   13.254   13.966   14.243   14.287   14.638   15.175   15.616   15.647   15.880   16.010
   16.185   17.174   17.517   17.877   17.999   18.426
            1.000000  0.383333  0.000000
  -78.457  -63.776  -61.126  -41.737  -41.737  -41.737  -32.520  -32.519  -32.513  -29.934
  -29.927  -29.926    2.505    2.523    2.537    2.541    2.566    9.766   11.942   12.550
   13.238   13.951   14.252   14.287   14.619   15.182   15.606   15.651   15.887   16.002
   16.188   17.187   17.510   17.883   18.002   18.430
            1.000000  0.400000  0.000000
  -78.457  -63.776  -61.126  -41.737  -41.737  -41.737  -32.520  -32.519  -32.513  -29.933
  -29.927  -29.926    2.506    2.522    2.537    2.541    2.566    9.772   11.978   12.512
   13.224   13.939   14.261   14.288   14.600   15.190   15.598   15.653   15.894   15.995
   16.192   17.198   17.505   17.888   18.005   18.433
            1.000000  0.416667  0.000000
  -78.457  -63.776  -61.126  -41.737  -41.737  -41.737  -32.520  -32.519  -32.513  -29.933
  -29.927  -29.926    2.507    2.521    2.537    2.541    2.566    9.777   12.014   12.474
   13.212   13.929   14.271   14.289   14.582   15.197   15.591   15.655   15.902   15.987
   16.194   17.207   17.500   17.893   18.007   18.436
            1.000000  0.433333  0.000000
  -78.457  -63.776  -61.126  -41.737  -41.737  -41.737  -32.520  -32.519  -32.513  -29.933
  -29.927  -29.926    2.508    2.520    2.537    2.541    2.566    9.781   12.050   12.436
   13.201   13.921   14.280   14.289   14.565   15.203   15.585   15.656   15.910   15.979
   16.197   17.215   17.495   17.896   18.009   18.439
            1.000000  0.450000  0.000000
  -78.457  -63.776  -61.126  -41.737  -41.737  -41.737  -32.520  -32.519  -32.513  -29.933
  -29.927  -29.926    2.510    2.519    2.537    2.541    2.566    9.785   12.083   12.401
   13.193   13.915   14.288   14.290   14.551   15.209   15.579   15.657   15.919   15.970
   16.199   17.221   17.492   17.899   18.010   18.441
            1.000000  0.466667  0.000000
  -78.457  -63.776  -61.126  -41.737  -41.737  -41.737  -32.520  -32.519  -32.513  -29.933
  -29.927  -29.926    2.511    2.517    2.537    2.541    2.565    9.787   12.113   12.370
   13.187   13.911   14.290   14.295   14.539   15.213   15.576   15.658   15.927   15.962
   16.200   17.226   17.490   17.901   18.011   18.442
            1.000000  0.483333  0.000000
  -78.457  -63.776  -61.126  -41.737  -41.737  -41.737  -32.520  -32.519  -32.513  -29.933
  -29.927  -29.926    2.512    2.516    2.537    2.541    2.565    9.789   12.136   12.347
   13.183   13.908   14.290   14.300   14.532   15.215   15.573   15.658   15.935   15.953
   16.201   17.228   17.488   17.903   18.011   18.443
            1.000000  0.500000  0.000000
  -78.457  -63.776  -61.126  -41.737  -41.737  -41.737  -32.520  -32.519  -32.513  -29.933
  -29.927  -29.926    2.512    2.516    2.537    2.541    2.565    9.789   12.144   12.338
   13.182   13.907   14.291   14.301   14.529   15.216   15.573   15.658   15.942   15.947
   16.201   17.229   17.488   17.903   18.011   18.443
            0.991667  0.508333 -0.000000
  -78.457  -63.776  -61.126  -41.737  -41.737  -41.737  -32.520  -32.519  -32.513  -29.933
  -29.927  -29.926    2.512    2.516    2.537    2.541    2.565    9.789   12.142   12.340
   13.183   13.907   14.287   14.305   14.530   15.216   15.572   15.659   15.939   15.950
   16.201   17.229   17.488   17.903   18.012   18.444
            0.983333  0.516667  0.000000
  -78.457  -63.776  -61.126  -41.737  -41.737  -41.737  -32.520  -32.519  -32.513  -29.933
  -29.927  -29.926    2.512    2.516    2.537    2.541    2.565    9.788   12.135   12.345
   13.186   13.906   14.280   14.312   14.532   15.214   15.569   15.663   15.935   15.955
   16.201   17.229   17.489   17.902   18.014   18.445
            0.975000  0.525000  0.000000
  -78.457  -63.776  -61.126  -41.737  -41.737  -41.737  -32.520  -32.519  -32.513  -29.933
  -29.927  -29.926    2.511    2.517    2.537    2.541    2.565    9.786   12.126   12.351
   13.191   13.905   14.273   14.319   14.535   15.211   15.566   15.669   15.931   15.961
   16.202   17.228   17.491   17.900   18.017   18.446
            0.966667  0.533333  0.000000
  -78.457  -63.776  -61.126  -41.737  -41.737  -41.737  -32.520  -32.519  -32.513  -29.933
  -29.927  -29.926    2.511    2.517    2.537    2.541    2.565    9.784   12.114   12.357
   13.199   13.903   14.265   14.327   14.539   15.207   15.562   15.677   15.926   15.968
   16.202   17.227   17.493   17.897   18.022   18.448
            0.958333  0.541667 -0.000000
  -78.457  -63.776  -61.126  -41.737  -41.737  -41.737  -32.520  -32.519  -32.513  -29.933
  -29.927  -29.926    2.510    2.518    2.537    2.541    2.565    9.781   12.101   12.364
   13.208   13.900   14.257   14.334   14.544   15.201   15.558   15.686   15.921   15.976
   16.202   17.226   17.496   17.893   18.028   18.450
            0.950000  0.550000  0.000000
  -78.457  -63.776  -61.126  -41.737  -41.737  -41.737  -32.520  -32.519  -32.513  -29.933
  -29.927  -29.926    2.510    2.519    2.537    2.541    2.565    9.778   12.087   12.369
   13.219   13.897   14.249   14.342   14.551   15.195   15.555   15.695   15.916   15.984
   16.203   17.224   17.500   17.889   18.036   18.453
            0.941667  0.558333  0.000000
  -78.457  -63.776  -61.126  -41.737  -41.737  -41.737  -32.520  -32.519  -32.513  -29.933
  -29.927  -29.926    2.509    2.519    2.537    2.541    2.565    9.775   12.073   12.374
   13.232   13.893   14.241   14.350   14.558   15.186   15.552   15.706   15.911   15.993
   16.204   17.222   17.504   17.885   18.045   18.456
            0.933333  0.566667  0.000000
  -78.457  -63.776  -61.126  -41.737  -41.737  -41.737  -32.520  -32.519  -32.513  -29.933
  -29.927  -29.926    2.508    2.520    2.537    2.541    2.566    9.771   12.059   12.378
   13.247   13.889   14.233   14.357   14.566   15.177   15.549   15.717   15.906   16.003
   16.205   17.219   17.509   17.880   18.055   18.459
            0.925000  0.575000 -0.000000
  -78.457  -63.776  -61.126  -41.737  -41.737  -41.737  -32.520  -32.519  -32.513  -29.933
  -29.927  -29.926    2.508    2.520    2.537    2.541    2.566    9.767   12.046   12.380
   13.262   13.884   14.226   14.365   14.575   15.166   15.548   15.729   15.901   16.013
   16.206   17.215   17.515   17.875   18.066   18.462
            0.916667  0.583333  0.000000
  -78.457  -63.776  -61.126  -41.737  -41.737  -41.737  -32.520  -32.519  -32.513  -29.933
  -29.927  -29.926    2.507    2.521    2.537    2.541    2.566    9.763   12.032   12.381
   13.279   13.878   14.219   14.372   14.585   15.155   15.546   15.741   15.896   16.024
   16.207   17.211   17.522   17.870   18.078   18.465
            0.908333  0.591667  0.000000
  -78.457  -63.776  -61.126  -41.737  -41.737  -41.737  -32.520  -32.519  -32.513  -29.933
  -29.927  -29.926    2.507    2.522    2.537    2.541    2.566    9.759   12.019   12.382
   13.296   13.873   14.212   14.378   14.595   15.142   15.546   15.753   15.891   16.035
   16.208   17.206   17.528   17.865   18.091   18.468
            0.900000  0.600000 -0.000000
  -78.457  -63.776  -61.126  -41.737  -41.737  -41.737  -32.520  -32.519  -32.513  -29.933
  -29.927  -29.926    2.506    2.522    2.537    2.541    2.566    9.755   12.006   12.381
   13.314   13.866   14.205   14.385   14.606   15.129   15.546   15.765   15.886   16.047
   16.209   17.200   17.536   17.860   18.105   18.471
            0.891667  0.608333  0.000000
  -78.457  -63.776  -61.126  -41.737  -41.737  -41.737  -32.520  -32.519  -32.513  -29.933
  -29.927  -29.926    2.506    2.523    2.537    2.540    2.566    9.751   11.994   12.380
   13.333   13.860   14.199   14.391   14.617   15.114   15.546   15.777   15.881   16.059
   16.211   17.194   17.543   17.855   18.120   18.474
            0.883333  0.616667  0.000000
  -78.457  -63.776  -61.126  -41.737  -41.737  -41.737  -32.520  -32.519  -32.513  -29.933
  -29.927  -29.926    2.505    2.523    2.537    2.540    2.566    9.747   11.982   12.378
   13.351   13.853   14.193   14.396   14.628   15.099   15.547   15.789   15.876   16.072
   16.212   17.187   17.551   17.850   18.135   18.477
            0.875000  0.625000  0.000000
  -78.457  -63.776  -61.126  -41.737  -41.737  -41.737  -32.520  -32.519  -32.513  -29.933
  -29.927  -29.926    2.505    2.524    2.537    2.540    2.566    9.743   11.971   12.376
   13.370   13.846   14.188   14.401   14.640   15.084   15.548   15.800   15.871   16.086
   16.214   17.180   17.559   17.846   18.151   18.479
            0.866667  0.633333 -0.000000
  -78.457  -63.776  -61.126  -41.737  -41.737  -41.737  -32.520  -32.519  -32.513  -29.933
  -29.927  -29.926    2.504    2.525    2.537    2.540    2.566    9.739   11.961   12.373
   13.388   13.839   14.183   14.406   14.652   15.068   15.549   15.810   15.867   16.100
   16.215   17.173   17.567   17.842   18.168   18.481
            0.858333  0.641667 -0.000000
  -78.457  -63.776  -61.126  -41.737  -41.737  -41.737  -32.520  -32.519  -32.513  -29.933
  -29.927  -29.926    2.504    2.525    2.537    2.540    2.566    9.736   11.951   12.370
   13.406   13.831   14.179   14.411   14.665   15.052   15.550   15.820   15.863   16.114
   16.217   17.165   17.575   17.838   18.185   18.483
            0.850000  0.650000  0.000000
  -78.457  -63.776  -61.126  -41.737  -41.737  -41.737  -32.520  -32.519  -32.513  -29.933
  -29.927  -29.926    2.504    2.526    2.537    2.540    2.566    9.732   11.942   12.367
   13.424   13.823   14.174   14.415   14.677   15.036   15.551   15.829   15.860   16.128
   16.218   17.157   17.583   17.834   18.202   18.484
            0.841667  0.658333  0.000000
  -78.457  -63.776  -61.126  -41.737  -41.737  -41.737  -32.520  -32.519  -32.513  -29.933
  -29.927  -29.926    2.503    2.526    2.537    2.540    2.566    9.729   11.933   12.364
   13.441   13.816   14.171   14.419   14.690   15.019   15.553   15.836   15.858   16.143
   16.220   17.149   17.591   17.830   18.220   18.485
            0.833333  0.666667 -0.000000
  -78.457  -63.776  -61.126  -41.737  -41.737  -41.737  -32.520  -32.518  -32.513  -29.933
  -29.927  -29.926    2.503    2.527    2.537    2.540    2.566    9.725   11.926   12.361
   13.458   13.808   14.167   14.422   14.703   15.003   15.554   15.839   15.858   16.157
   16.221   17.141   17.598   17.827   18.237   18.486
            0.825000  0.675000  0.000000
  -78.457  -63.776  -61.126  -41.737  -41.737  -41.737  -32.520  -32.518  -32.513  -29.933
  -29.927  -29.926    2.503    2.527    2.537    2.539    2.566    9.723   11.919   12.358
   13.474   13.801   14.164   14.425   14.716   14.986   15.556   15.840   15.861   16.171
   16.223   17.133   17.605   17.823   18.254   18.486
            0.816667  0.683333  0.000000
  -78.457  -63.776  -61.126  -41.737  -41.737  -41.737  -32.520  -32.518  -32.513  -29.933
  -29.927  -29.926    2.502    2.528    2.537    2.539    2.566    9.720   11.912   12.356
   13.488   13.793   14.162   14.428   14.729   14.970   15.557   15.838   15.866   16.184
   16.224   17.126   17.612   17.821   18.271   18.486
            0.808333  0.691667  0.000000
  -78.457  -63.776  -61.126  -41.737  -41.737  -41.737  -32.520  -32.518  -32.513  -29.933
  -29.927  -29.926    2.502    2.528    2.536    2.539    2.566    9.717   11.907   12.353
   13.502   13.786   14.160   14.431   14.742   14.953   15.558   15.836   15.871   16.196
   16.225   17.119   17.618   17.818   18.287   18.485
            0.800000  0.700000 -0.000000
  -78.457  -63.776  -61.126  -41.737  -41.737  -41.737  -32.520  -32.518  -32.513  -29.933
  -29.927  -29.926    2.502    2.528    2.536    2.539    2.566    9.715   11.902   12.351
   13.515   13.779   14.158   14.433   14.756   14.937   15.559   15.834   15.875   16.207
   16.226   17.113   17.623   17.815   18.302   18.483
            0.791667  0.708333  0.000000
  -78.457  -63.776  -61.126  -41.737  -41.737  -41.737  -32.520  -32.518  -32.514  -29.933
  -29.927  -29.926    2.502    2.529    2.536    2.539    2.566    9.714   11.898   12.349
   13.526   13.773   14.156   14.434   14.769   14.921   15.560   15.832   15.879   16.217
   16.227   17.107   17.628   17.813   18.316   18.482
            0.783333  0.716667  0.000000
  -78.457  -63.776  -61.126  -41.737  -41.737  -41.737  -32.520  -32.518  -32.514  -29.933
  -29.927  -29.926    2.502    2.529    2.536    2.539    2.566    9.712   11.894   12.347
   13.535   13.768   14.155   14.436   14.783   14.905   15.561   15.831   15.882   16.226
   16.228   17.102   17.632   17.811   18.328   18.480
            0.775000  0.725000 -0.000000
  -78.457  -63.776  -61.126  -41.737  -41.737  -41.737  -32.520  -32.518  -32.514  -29.933
  -29.927  -29.926    2.501    2.529    2.536    2.539    2.566    9.711   11.892   12.346
   13.543   13.763   14.154   14.437   14.797   14.890   15.562   15.829   15.884   16.229
   16.233   17.099   17.635   17.810   18.338   18.478
            0.766667  0.733333  0.000000
  -78.457  -63.776  -61.126  -41.737  -41.737  -41.737  -32.520  -32.518  -32.514  -29.933
  -29.927  -29.926    2.501    2.529    2.536    2.539    2.566    9.710   11.890   12.345
   13.549   13.760   14.153   14.438   14.810   14.875   15.563   15.828   15.886   16.229
   16.238   17.096   17.637   17.809   18.346   18.476
            0.758333  0.741667  0.000000
  -78.457  -63.776  -61.126  -41.737  -41.737  -41.737  -32.520  -32.518  -32.514  -29.933
  -29.927  -29.926    2.501    2.530    2.536    2.539    2.566    9.710   11.889   12.344
   13.552   13.758   14.153   14.438   14.823   14.861   15.563   15.828   15.887   16.229
   16.241   17.094   17.639   17.808   18.351   18.475
            0.750000  0.750000  0.000000
  -78.457  -63.776  -61.126  -41.737  -41.737  -41.737  -32.520  -32.518  -32.514  -29.933
  -29.926  -29.926    2.501    2.530    2.536    2.539    2.566    9.709   11.888   12.344
   13.553   13.757   14.153   14.438   14.830   14.854   15.563   15.828   15.887   16.229
   16.242   17.094   17.639   17.808   18.352   18.475
